58.4781
49.6874
52.5312
160.28
66.4693
59.7929
37.6501
100.82
66.1361
174.763
158.899
75.3818
103.159
77.7398
35.9436
52.8139
107.832
46.6158
41.0396
49.8553
50.7766
186.37
74.4168
73.7586
165.889
115.877
89.2802
75.8879
95.5666
130.162
168.001
42.7678
200.45
41.388
70.3563
207.352
137.088
186.739
181.584
133.208
90.0365
53.5501
160.401
104.06
102.943
46.2949
163.189
46.3695
51.2658
112.626
109.675
71.2542
31.8003
85.3641
45.1273
70.829
97.9266
64.3475
116.508
73.5559
105.768
167.923
37.8028
101.013
83.1751
23.1437
27.6915
49.7447
60.1635
216.904
67.6531
96.6564
108.748
148.292
119.596
221.938
89.5604
125.097
122.13
192.951
116.18
132.887
58.3823
116.52
35.3684
32.9284
78.8532
173.102
82.3495
84.7593
79.472
59.2504
50.4279
47.098
159.514
38.5009
45.8914
53.4382
127.051
29.4577
68.0663
127.68
69.1606
60.2217
73.8558
59.0118
111.688
51.3737
156.968
41.6867
47.5956
123.637
116.396
45.509
92.1957
56.5296
102.38
55.2273
38.9367
171.673
92.0877
139.757
113.327
65.5176
172.952
93.5469
75.8036
160.575
143.079
26.8063
62.42
82.137
199.813
60.9452
37.5417
127.709
112.945
66.679
57.191
30.1706
16.7654
177.505
83.0611
59.7334
52.4913
43.6419
49.6877
118.632
54.9904
146.363
82.4887
72.7149
55.1124
144.747
79.7668
73.6864
63.1136
88.8858
100.171
114.069
21.3796
53.3319
109.998
42.7421
133.27
59.716
151.288
62.873
24.5375
39.1086
36.6096
165.313
54.2847
75.3992
62.3794
105.249
26.5505
219.19
45.8357
123.492
161.857
145.829
85.7067
32.1764
62.8468
62.4734
59.653
146.536
236.039
212.593
37.7594
31.3014
137.116
142.129
80.885
35.3753
39.8687
101.972
78.4273
108.503
183.979
73.7016
202.744
179.837
62.9125
202.571
30.0236
104.522
128.983
152.172
127.288
50.9762
218.5
151.202
119.588
64.2523
64.9059
94.7729
253.812
278.981
120.643
55.72
74.3822
70.2575
126.44
76.8191
91.4273
51.7335
132.179
161.125
82.1823
43.3087
36.5872
108.168
38.3472
53.0816
68.707
67.5371
100.272
77.5457
207.879
165.36
44.7204
58.4374
45.713
61.19
94.2702
100.045
94.8115
210.081
195.512
105.383
126.135
27.1859
63.1122
128.574
56.1027
163.59
85.0251
44.3963
98.9109
79.8399
108.947
214.421
39.9406
92.5629
44.4569
138.124
106.714
146.06
68.7726
64.8994
109.363
106.913
73.024
49.8844
44.8173
65.267
94.0086
41.576
87.592
108.587
75.043
63.488
44.77
35.1077
95.3716
197.668
135.742
58.5462
88.9078
78.957
179.471
93.6374
26.8872
116.929
50.428
10.8621
57.1762
102.415
107.513
164.945
166.383
70.4874
45.379
60.8112
226.903
84.9259
123.97
142.659
79.7087
71.0822
54.0436
136.274
57.5747
25.8264
126.253
60.6826
165.269
70.4857
65.6092
232.538
71.2693
109.672
65.4336
36.6577
128.948
50.1685
48.7232
113.372
82.2912
98.6262
111.249
162.087
105.466
121.598
137.849
115.592
39.1799
62.1049
119.903
91.5388
75.6983
67.6137
31.6318
39.8324
165.479
103.31
91.127
19.1027
134.595
131.203
31.5951
102.679
26.4436
144.541
29.2415
152.444
83.1661
89.7472
44.1398
155.471
105.434
79.1584
144.08
195.927
55.2744
55.8062
218.299
127.253
39.8746
119.956
111.079
46.6218
40.7794
118.866
14.4673
46.1788
49.8752
246.152
160.895
48.0552
93.2805
47.4662
21.4766
38.4699
45.8171
151.394
75.3668
110.213
185.569
17.8173
68.2833
164.333
28.2251
60.6197
189.323
81.2049
114.559
83.8287
64.0136
147.162
6.88787
216.864
32.9884
143.763
116.296
42.2032
31.3117
232.227
159.593
87.9912
56.9703
41.2807
68.7237
96.3016
140.256
78.7279
105.975
60.2417
115.168
87.0286
90.5875
42.9663
17.3584
91.2663
111.212
67.2765
42.267
58.4254
36.2401
41.229
196.147
68.8887
107.644
169.551
39.7254
84.7864
40.0857
37.9091
93.2379
78.4221
218.406
78.1683
72.0089
65.0249
90.1946
71.728
62.9502
200.978
45.0644
40.7588
79.8888
74.9241
64.0747
35.5206
74.0899
96.6506
22.2148
58.6588
73.7719
87.164
97.722
100.662
69.514
50.6183
51.2086
37.5921
85.5383
87.6401
52.6572
168.858
203.288
49.4439
84.529
71.6265
54.4739
98.7062
97.7533
77.923
24.941
110.155
62.9243
39.6918
125.377
150.388
38.724
84.5875
184.002
62.9428
120.413
98.0584
138.96
86.8894
53.0109
75.5947
32.5505
96.2658
30.9073
70.4402
42.8272
227.074
73.62
72.42
17.3808
81.3069
164.303
141.632
62.7867
227.65
252.431
89.0056
38.5077
134.445
191.554
123.374
39.0994
109.357
43.2366
38.7827
188.161
171.261
55.5658
23.3043
84.6769
33.9871
75.6951
87.9458
39.0152
54.4007
112.056
96.6136
183.83
107.301
214.09
157.397
162.93
137.199
67.7944
85.6943
98.7737
82.5023
66.5789
23.5407
128.775
101.645
72.5933
59.8481
134.193
103.999
43.7778
25.6196
68.449
53.2902
198.201
187.81
60.1656
33.5836
125.053
9.63489
38.9152
66.5471
164.935
110.647
69.252
78.1288
39.6929
67.3992
147.647
75.1994
145.015
43.5598
111.572
242.923
187.066
167.843
27.2928
43.0054
156.937
67.4058
59.7058
58.0687
56.2493
77.2949
24.357
83.5374
120.155
67.1269
176.02
292.275
75.1469
48.6483
131.07
48.8793
74.6757
143.85
82.8578
44.672
102.858
49.381
290.033
65.0255
145.776
44.5241
64.36
38.1377
72.5142
76.0197
48.3575
74.9059
194.39
25.1749
80.8919
223.446
38.6064
66.6986
88.3387
95.6757
36.5562
29.9143
43.0172
120.796
81.3077
42.8759
153.744
142.417
71.749
109.545
70.1747
131.62
67.4406
55.5807
19.6195
43.1508
125.126
104.441
95.0447
98.6152
31.4364
148.776
60.5314
71.4425
33.7935
36.2851
90.0276
30.4487
66.3191
99.4397
33.3504
106.168
162.508
183.692
55.3717
64.7777
140.463
249.751
66.405
46.4842
158.07
158.592
78.2652
47.4637
74.1132
203.072
21.8393
97.8958
67.0353
48.0277
83.8117
27.0003
113.848
67.2503
154.308
140.401
57.7468
77.3985
158.55
66.3377
76.3537
181.233
20.8381
43.5908
96.353
74.4323
86.8002
70.1268
60.1046
140.674
60.5494
205.492
232.944
89.0577
112.163
51.7999
118.162
84.2515
105.385
79.2184
180.378
41.0572
98.4104
121.613
92.6314
43.3894
81.9476
70.8513
61.6115
103.086
95.1275
67.9704
126.532
62.1409
141.907
86.4128
104.497
116.085
59.1347
82.5394
127.536
87.5347
93.6994
36.4976
26.954
64.069
44.9078
233.396
71.3723
60.0453
52.1246
45.8541
80.4099
94.4893
125.381
96.9374
59.3424
175.73
52.4542
133.369
252.299
90.8192
76.697
31.0662
65.8684
196.04
226.967
78.8805
35.8087
53.6544
43.6122
192.186
35.852
105.628
127.731
81.943
76.1157
84.8256
49.3319
38.4487
181.745
93.2233
105.247
128.734
74.5265
52.6012
102.371
104.524
50.1749
50.0687
63.6441
28.7827
52.1341
97.9685
143.412
111.107
122.976
163.077
74.7822
167.131
69.7565
45.3947
35.9214
172.882
200.083
183.037
136.727
156.384
108.017
97.9866
63.1659
53.5093
106.5
156.342
49.8513
172.537
97.2768
69.9855
109.81
48.0357
59.1453
87.4311
26.6336
59.3323
83.7985
81.4867
85.6652
101.161
122.742
37.3496
287.425
41.7826
100.751
85.9425
86.598
107.007
64.8055
120.337
125.541
114.631
60.2497
73.8757
52.287
93.0312
173.805
44.3125
72.5182
78.3751
50.3736
99.3277
40.6317
64.2178
106.112
162.438
33.7462
134.66
70.239
123.895
31.2722
81.0811
36.7471
71.9212
223.229
120.051
85.3417
67.8548
179.805
115.337
180.155
87.315
56.4842
69.9049
81.274
47.978
62.5394
85.1699
140.87
191.746
118.476
47.6179
78.0989
82.7391
63.8667
92.7621
131.373
129.948
66.8442
64.3582
236.169
95.4173
184.534
75.2143
69.4142
106.562
54.1572
181.163
178.769
144.449
190.827
69.692
81.8194
67.4616
207.392
63.7131
44.3676
88.4855
43.4023
63.6194
143.857
58.6341
56.0531
26.4532
150.678
29.8585
182.888
128.933
64.3087
94.3868
95.5238
186.138
45.3838
56.2123
90.0068
73.6148
37.4064
39.6965
104.165
86.6423
120.783
53.9369
65.3168
99.4099
87.929
30.6868
78.9494
39.5808
97.6081
61.3492
81.7811
68.9086
91.6515
177.812
131.425
137.579
26.7839
50.1065
309.347
56.1132
150.855
141.373
187.274
27.699
24.1155
114.238
43.1079
76.167
62.2762
97.5717
68.0702
39.5761
66.5872
42.5963
124.59
27.7673
177.771
42.8281
117.83
86.991
131.214
83.5738
293.129
172.849
41.1531
208.805
141.146
107.674
34.8647
43.2586
70.7401
72.1388
52.856
175.179
143.433
98.9721
35.1745
94.3147
105.895
69.1701
163.389
55.641
106.527
65.4806
81.7587
42.0897
61.3844
57.4808
58.9743
20.9683
66.4141
159.653
52.2193
58.3177
106.737
54.1562
23.0967
128.799
75.8977
28.0485
284.872
76.5704
39.4498
85.5018
173.284
67.3931
125.049
56.206
48.0575
175.433
78.6364
51.1896
13.686
47.7125
