3
31.5 31.5 31.5
31.5 31.5 95.5
31.5 31.5 159.5
31.5 31.5 223.5
31.5 95.5 31.5
31.5 95.5 95.5
31.5 95.5 159.5
31.5 95.5 223.5
31.5 159.5 31.5
31.5 159.5 95.5
31.5 159.5 159.5
31.5 159.5 223.5
31.5 223.5 31.5
31.5 223.5 95.5
31.5 223.5 159.5
31.5 223.5 223.5
95.5 31.5 31.5
95.5 31.5 95.5
95.5 31.5 159.5
95.5 31.5 223.5
95.5 95.5 31.5
95.5 95.5 95.5
95.5 95.5 159.5
95.5 95.5 223.5
95.5 159.5 31.5
95.5 159.5 95.5
95.5 159.5 159.5
95.5 159.5 223.5
95.5 223.5 31.5
95.5 223.5 95.5
95.5 223.5 159.5
95.5 223.5 223.5
159.5 31.5 31.5
159.5 31.5 95.5
159.5 31.5 159.5
159.5 31.5 223.5
159.5 95.5 31.5
159.5 95.5 95.5
159.5 95.5 159.5
159.5 95.5 223.5
159.5 159.5 31.5
159.5 159.5 95.5
159.5 159.5 159.5
159.5 159.5 223.5
159.5 223.5 31.5
159.5 223.5 95.5
159.5 223.5 159.5
159.5 223.5 223.5
223.5 31.5 31.5
223.5 31.5 95.5
223.5 31.5 159.5
223.5 31.5 223.5
223.5 95.5 31.5
223.5 95.5 95.5
223.5 95.5 159.5
223.5 95.5 223.5
223.5 159.5 31.5
223.5 159.5 95.5
223.5 159.5 159.5
223.5 159.5 223.5
223.5 223.5 31.5
223.5 223.5 95.5
223.5 223.5 159.5
223.5 223.5 223.5