1000
17316 29681
15668 15730
4155 8266
2441 14057
20526 4085
3771 17649
4863 26222
25205 337
23183 28172
2271 3548
26942 27101
27960 13999
13885 10940
28866 7717
761 19752
9064 5235
7229 30137
25035 28301
20431 18609
9497 19818
22431 25982
27766 16438
13480 16359
26805 24239
12162 23377
9327 29771
16497 18520
15929 28950
14301 11997
16955 798
18902 2087
17586 13630
11049 6852
9421 15720
2359 12656
10550 17666
10512 19297
7896 12323
15740 1485
7367 9240
22572 1849
3148 27004
6599 17072
18665 23373
19558 26336
24223 6142
14792 20900
18125 24212
24301 5821
19332 17529
23075 22736
23619 24871
10308 11472
30023 15586
2363 24752
3442 25770
7711 26427
16804 8291
2896 22673
14286 5740
18722 19569
28734 5266
23141 2945
14862 14476
16585 17488
11359 15678
12703 23600
26052 4704
3126 11674
12866 18848
15599 9901
2197 5264
583 8206
16052 8168
27878 24507
23288 27768
23528 3012
24509 6206
14681 22546
1739 14974
15580 2591
24224 3775
4805 3111
29874 1811
1931 2806
16649 2295
480 8622
14994 25065
25172 17744
21972 11433
2170 18036
18052 22639
21467 23091
8885 1807
8572 18046
18895 9338
14726 8509
29488 29468
8155 28488
21134 80
30104 26415
7665 23788
16168 8176
10389 23211
5205 3261
28155 4675
7887 9072
257 28363
13741 14461
15002 7635
3218 24726
24387 5007
4917 23094
24037 14715
751 6280
923 7743
23166 17634
24940 2051
18243 13675
14483 8708
484 10033
11150 13078
2109 26681
29447 5393
3092 21392
28101 5535
18337 20883
7240 18486
7889 26280
21980 11153
18525 20176
20487 161
26387 26993
25267 4144
155 22475
4955 4874
9659 12426
6910 23134
19136 3047
12961 672
2232 10469
10558 9765
19406 3755
3567 20876
14428 27579
8343 14919
11601 27826
10544 24895
29014 24390
20786 5945
11348 14811
4206 20484
16354 13838
4213 23333
6574 11030
27262 18722
762 27213
12772 11251
13578 20744
11572 9475
2926 9752
10591 25030
14065 5620
25906 29123
5225 26745
15933 2684
26978 19279
28095 21654
12206 27852
7087 13339
25590 18495
22643 3407
4917 21830
11837 25867
18966 3782
26060 24083
27146 11733
4444 26709
5270 27686
20512 12974
6487 11321
27880 14336
6513 28575
14887 13835
20209 22143
16961 7688
21165 14521
22137 18017
3834 8698
24103 4333
27579 16640
13625 3544
23548 10788
8647 2961
6656 11304
9584 4498
29990 8050
4253 19089
11284 25689
16661 12570
26725 14722
15653 25561
8896 9726
16417 20718
18370 23166
7374 21688
25355 22369
28472 11782
20414 28435
881 21809
22468 4163
12868 14198
22010 4995
14919 28306
8620 24120
10025 14206
21214 11443
11761 1319
1442 15482
26272 7851
14059 13505
1809 17005
24717 21031
24759 29979
23003 22774
18868 16101
18248 2792
16104 10293
6267 18020
9380 1644
21173 14550
14808 13690
7365 7296
859 18143
1415 28533
3001 28274
10656 20674
5697 23377
7342 8960
7651 17548
12489 80
8719 1370
9257 25305
7939 29477
14834 28215
7761 17410
14508 20691
17363 21490
24372 13955
22613 21833
22260 3251
6843 14799
3274 11417
12587 15955
24671 28995
4902 9312
15311 8207
19321 29400
6003 27058
21615 11561
26906 1441
9819 29977
24189 2212
18807 27016
1316 14791
29252 15010
28700 4172
27490 8088
693 694
28487 17237
14899 18424
13593 24280
11634 6251
5298 14923
12785 2705
6558 23328
26453 26464
13151 26330
781 6102
27741 17395
19394 8855
5839 2720
10368 20104
28417 3246
25680 20634
114 1785
12938 22817
26123 23593
13994 8724
1620 27821
11522 7884
10668 19335
5616 25499
15744 13607
10598 909
28005 23893
7616 29792
27418 21751
9256 16021
7419 16161
5891 10065
28905 9208
1387 15484
17774 1298
15516 16116
9211 26777
17124 7801
4554 7300
21723 12423
25738 18248
7637 30003
27567 12988
8815 3038
1038 4845
19273 9995
27793 27090
28483 23522
12439 27672
6811 24491
24635 28263
6061 18627
5775 19885
21946 6158
23996 19489
30089 8286
21110 27190
17685 29
19894 19733
25102 18293
26178 27641
6640 12013
6335 15746
27058 24356
24287 25445
542 16149
26482 15297
2383 25908
7055 22349
23260 127
11275 20238
11693 13007
10942 28021
10984 5741
7105 28397
12693 25209
14640 6559
24289 8511
8087 7563
8329 19554
2048 6748
9233 6376
29520 27342
23034 12482
18626 4555
21664 5028
23839 16483
27376 41
17279 3522
4469 6600
24791 4881
12983 2890
13303 9421
28522 27855
6547 6976
7249 27796
28917 29590
21912 1667
14796 23621
21681 15625
4850 21441
6315 1129
27069 11533
67 16064
24691 11815
28849 15429
23008 4289
14272 23492
23561 4753
21589 28009
19087 23623
966 15081
1453 19623
10387 8601
18671 24058
3548 3093
10298 16841
4041 3518
28371 10573
15559 2330
5345 3760
14286 5286
1951 378
5659 13627
23156 4533
27311 996
10519 600
26189 27476
25871 8892
27326 23386
2614 19828
11627 25329
23286 28748
7935 23572
12064 1048
18704 4291
12399 12394
17565 1928
20424 22101
17330 16102
12323 19120
2736 3318
18417 28275
16326 28032
23121 27656
24983 17864
6603 7923
16437 15310
9812 2099
3422 30117
19825 7874
13264 9924
1859 5258
9102 29311
22706 3362
8632 17991
9927 16711
27497 25150
7630 24507
800 29132
28482 29768
8086 12556
5242 19330
751 18624
19944 9191
15014 7423
16559 8730
15438 11930
7685 678
5648 8650
26470 25656
6601 12463
22633 13601
1053 3279
26923 4023
12151 25840
27778 15355
1163 28631
23757 24935
13584 26976
25377 4591
7347 4517
3321 4752
9909 19197
21351 9984
4206 7325
15706 28430
9750 7088
14134 20908
22091 20537
11858 8553
6737 27203
21578 3807
28441 5270
24997 11751
11099 12868
24470 18943
9509 1888
26361 14891
8571 6037
29709 676
12848 5858
21826 758
20184 16052
16085 27613
14625 14861
14846 22246
20329 5597
20304 727
7477 24568
12284 8270
11458 4047
16441 13872
14463 25011
8831 7546
15864 11628
129 9507
11903 26373
22534 13779
18353 7292
16111 11451
14066 27857
2876 58
22572 2180
24331 17202
17502 24845
21707 23763
14121 24966
27140 20358
7503 17503
15352 5698
27869 14856
23273 29377
13201 27633
17855 18633
22667 6697
1816 17767
8327 24438
2578 24283
28120 15885
25535 1312
652 15439
14455 1797
13526 6748
4724 8868
7564 21727
22845 11055
19980 14506
19171 5822
283 3946
3433 9744
15807 27460
24389 14398
28301 12690
16461 18190
8247 8136
419 10885
28511 30119
16348 4539
13632 10398
5419 4680
17496 7223
203 22648
2808 23371
1888 20141
4574 22487
14182 15215
3272 6263
26605 4656
17119 24901
27909 22657
6122 9421
9325 333
9203 20206
2451 19130
27122 10699
6050 26168
28747 29231
10413 10908
22573 17967
21725 12464
17582 813
22780 22052
11743 20894
20108 30113
15164 24041
23487 17605
8997 15516
26334 2332
13001 887
2142 11632
3232 28578
27404 5057
3717 8117
15843 19050
15407 4243
7483 3627
2954 12951
7931 28189
29950 18913
22432 11292
13542 21151
26893 12946
19146 2084
24346 2727
15468 26974
11473 15469
10140 3579
23212 21694
17415 16763
125 11388
23586 19492
11394 21728
16116 20748
10917 18056
4908 23010
9534 20068
12536 28425
18435 22321
2901 4527
4947 2548
19982 13647
16617 897
23380 17308
17811 30112
3782 5237
16025 19889
9894 14739
18713 26599
15868 27493
3363 1111
9653 24285
12480 11378
4476 4805
20748 11025
13045 20933
16158 2202
12973 21713
29572 24060
8572 25415
9023 8252
28809 352
10287 3321
9342 17260
14826 23568
5259 5673
26595 21621
18846 14739
19134 16811
449 9615
13095 26746
28552 14459
5194 4275
8578 6603
4635 16223
1171 25173
4834 9713
11610 15962
9953 13754
28476 15462
19290 8258
18451 19807
25932 1291
26641 5886
2575 26135
24108 10873
24057 25362
2431 19018
1656 19433
8631 21809
14289 24897
337 6625
7621 16794
733 8952
26305 26446
4657 24261
13982 13649
11077 15292
25451 18042
27438 18658
29674 22195
12310 29788
8227 14666
13177 18484
26013 28003
25211 28802
19046 24342
4539 17032
6891 14614
24382 16888
2574 18865
17220 27653
83 26526
2678 27633
29189 17105
29059 28156
26766 26335
17238 13944
10374 10777
22946 24335
27260 353
30175 23335
14830 22014
18250 23837
20944 11783
8141 13120
26943 19295
366 15175
27621 19704
27348 29937
6494 17393
837 2094
5856 14294
15395 29198
15147 15036
14672 1360
15876 6147
24398 2324
652 29454
12274 20963
1283 4490
15436 18339
1330 9494
27756 17357
19810 2503
18553 13343
2487 22462
9411 24412
20238 25785
6345 20119
8497 5876
27694 16584
5208 6364
29052 1227
25190 13850
19378 508
15720 14718
6279 8109
21892 7637
4123 12646
5642 25458
13127 1682
18876 19701
3535 27738
15883 7945
19967 21952
22969 12139
8266 23051
6550 21256
29839 5634
12159 8814
4768 11500
21268 13972
8548 1071
13027 9931
13807 10445
29733 5924
4203 18936
782 19378
16505 19575
14387 16934
7319 21680
11473 19491
17133 28507
28595 8449
768 10197
13879 23035
13205 15682
12319 22952
16019 21871
25882 6429
374 21776
11749 10331
17019 2906
17542 15051
7678 12717
3810 14252
53 267
27704 15364
17681 3770
3150 18556
13503 26563
22844 26283
22089 3706
6448 1066
11340 14347
15995 20238
14078 9904
13783 21058
1742 7132
22189 13953
19687 1111
27366 30105
28918 15795
23260 25370
16599 27771
3852 28948
11704 6327
5219 29080
6400 22584
18761 28196
19815 26517
24363 21484
19050 3387
25995 22403
6260 598
14014 19668
11363 27710
24132 13150
18908 13557
12930 21548
1284 25632
8239 15811
2272 11923
7959 6615
4288 6576
10550 3949
11568 29093
20344 8432
12980 8099
8573 21614
492 15180
16072 13006
7312 21157
2168 23462
9187 21881
13515 6754
19713 7787
16231 25501
3620 6687
15820 10567
23089 21559
22995 9495
24884 28850
21020 10629
8367 23433
5753 17952
10120 9208
25789 3276
24412 6012
10409 19803
21444 6336
20318 4212
27446 23170
19335 15287
15194 7405
9033 4416
26516 16362
966 27636
9300 18380
6252 21734
21291 29701
15550 29179
20519 7208
11617 6687
10286 993
24716 3935
23956 25202
22984 11617
26979 20581
21560 13362
16682 29885
1053 22827
3918 26456
11912 5954
24800 12594
28859 23582
13092 14550
17565 2801
10805 1399
27200 14708
24394 9425
80 2671
16636 4160
20700 12660
20821 20114
9265 4953
16895 3278
27543 11904
11257 16375
3116 16889
11012 14014
63 21661
10242 905
25704 15725
10072 11419
3821 12271
22042 17883
8927 29784
20971 6813
20952 5267
10097 24599
24246 17824
18067 22275
11448 18686
21909 7640
6817 7143
4216 5976
12739 26190
29707 15586
9835 15569
18317 17556
19017 27021
4785 21553
8017 9784
9568 26267
23789 24356
14218 18076
28579 28422
7443 18162
5865 18594
23321 2870
29282 26978
10976 1576
1568 18851
13820 22501
28152 8870
23032 18593
13383 27746
27018 20310
22983 10136
26520 9485
24834 10332
1662 11088
20922 24930
21225 19701
27703 24362
28749 3937
23588 3842
19810 27745
17337 2468
25707 19152
26948 7169
9935 10368
15052 22406
18853 4829
24218 11518
19813 18295
16448 21874
16696 6372
14863 2452
25668 16189
9491 19058
28711 1439
21646 27057
26789 4495
10276 15743
12583 17491
25959 8927
10466 28894
9762 2571
26535 19280
5132 14683
5599 21334
2905 874
26155 22389
8558 21305
8871 15080
16309 20011
26382 13206
11492 19650
15136 6189
5424 1169
27769 19444
18218 17884
9818 4260
14860 27267
19166 27004
12393 29682
24700 6845
26796 16332
6017 23662
19665 12052
15159 22839
21239 1751
25766 23243
20072 23281
27327 18249
14893 27142
20455 10901
14913 5980
4318 19312
27421 244
22506 5510
10958 28805
14692 19384
27936 2415
13501 465
8471 11534
691 13020
24559 8181
24377 12838
8982 3247
16214 29992
8712 3854
15408 102
26051 4099
23667 15388
10240 10060
3 12119
28663 8910
25273 12634
18747 27805
5220 16197
13277 9468
2121 24712
16800 27545
23297 3884
23587 22970
13089 8350
28832 22914
3923 14491
8998 5830
3150 19508
29593 2007
14975 8371
16230 26347
15346 19039
15629 7454
24828 4743
26750 3304
28289 23538
29994 20091
5837 11635
9039 1494
27539 23235
21601 3631
11827 27675
27593 23872
23280 26185
18197 8301
